normalized interrogation differences:
   1.0e-04 *

    0.3956
    0.9513
    0.2665
         0
    0.2665
    0.9513
    0.3956
    0.3956
    0.9513
    0.2665
    0.2665
    0.9513
    0.3956
    0.3956
    0.9513
    0.2665
    0.2665
    0.9513
    0.3956
    0.3956
    0.9513
    0.2665
    0.2665
    0.9513
    0.3956
    0.3956
    0.9513
    0.2665
    0.2665
    0.9513
    0.3956
    0.3956
    0.9513
    0.2665
    0.2665
    0.9513
    0.3956
    0.3956
    0.9513
    0.2665
    0.2665
    0.9513
    0.3956
    0.3956
    0.9513
    0.2665
    0.2665
    0.9513
    0.3956
    0.3956
    0.9513
    0.2665
    0.2665
    0.9513
    0.3956
    0.3956
    0.9513
    0.2665
    0.2665
    0.9513
    0.3956
    0.3956
    0.9513
    0.2665
    0.2665
    0.9513
    0.3956
    0.3956
    0.9513
    0.2665
    0.2665
    0.9513
    0.3956
    0.3956
    0.9513
    0.2665
    0.2665
    0.9513
    0.3956
    0.3956
    0.9513
    0.2665
    0.2665
    0.9513
    0.3956
    0.3956
    0.9513
    0.2665
    0.2665
    0.9513
    0.3956
    0.3956
    0.9513
    0.2665
    0.2665
    0.9513
    0.3956
    0.3956
    0.9513
    0.2665
    0.2665
    0.9513
    0.3956
    0.3956
    0.9513
    0.2665
    0.2665
    0.9513
    0.3956
    0.3956
    0.9513
    0.2665
    0.2665
    0.9513
    0.3956
    0.3956
    0.9513
    0.2665
    0.2665
    0.9513
    0.3956
    0.3956
    0.9513
    0.2665
    0.2665
    0.9513
    0.3956
    0.3956
    0.9513
    0.2665
    0.2665
    0.9513
    0.3956
    0.3956
    0.9513
    0.2665
    0.2665
    0.9513
    0.3956
    0.3956
    0.9513
    0.2665
    0.2665
    0.9513
    0.3956
    0.3956
    0.9513
    0.2665
    0.2665
    0.9513
    0.3956
    0.3956
    0.9513
    0.2665
    0.2665
    0.9513
    0.3956
    0.3956
    0.9513
    0.2665
    0.2665
    0.9513
    0.3956
    0.3956
    0.9513
    0.2665
    0.2665
    0.9513
    0.3956
    0.3956
    0.9513
    0.2665
    0.2665
    0.9513
    0.3956
    0.3956
    0.9513
    0.2665
    0.2665
    0.9513
    0.3956

weights:
  Columns 1 through 11

    0.0374   -0.0361    0.0370   -0.2388    0.2176    0.2490   -0.1264   -0.1264    0.2490    0.2176    0.0370

  Columns 12 through 22

   -0.0361    0.0374   -0.0000    0.0000   -0.0000   -0.0000    0.0000   -0.0000   -0.0000    0.0000   -0.0000

  Columns 23 through 33

   -0.0000    0.0000   -0.0000   -0.0000    0.0000   -0.0000   -0.0000    0.0000   -0.0000   -0.0000    0.0000

  Columns 34 through 44

   -0.0000   -0.0000    0.0000   -0.0000   -0.0000    0.0000   -0.0000   -0.0000    0.0000   -0.0000   -0.0000

  Columns 45 through 55

    0.0000   -0.0000   -0.0000    0.0000   -0.0000   -0.0000    0.0000   -0.0000   -0.0000    0.0000   -0.0000

  Columns 56 through 66

   -0.0000    0.0000   -0.0000   -0.0000    0.0000   -0.0000   -0.0000    0.0000   -0.0000   -0.0000    0.0000

  Columns 67 through 77

   -0.0000   -0.0000    0.0000   -0.0000   -0.0000    0.0000   -0.0000   -0.0000    0.0000   -0.0000   -0.0000

  Columns 78 through 88

    0.0000   -0.0000   -0.0000    0.0000   -0.0000   -0.0000    0.0000   -0.0000   -0.0000    0.0000   -0.0000

  Columns 89 through 99

   -0.0000    0.0000   -0.0000   -0.0000    0.0000   -0.0000   -0.0000    0.0000   -0.0000   -0.0000    0.0000

  Columns 100 through 110

   -0.0000   -0.0000    0.0000   -0.0000   -0.0000    0.0000   -0.0000   -0.0000    0.0000   -0.0000   -0.0000

  Columns 111 through 121

    0.0000   -0.0000   -0.0000    0.0000   -0.0000   -0.0000    0.0000   -0.0000   -0.0000    0.0000   -0.0000

  Columns 122 through 132

   -0.0000    0.0000   -0.0000   -0.0000    0.0000   -0.0000   -0.0000    0.0000   -0.0000   -0.0000    0.0000

  Columns 133 through 143

   -0.0000   -0.0000    0.0000   -0.0000   -0.0000    0.0000   -0.0000   -0.0000    0.0000   -0.0000   -0.0000

  Columns 144 through 154

    0.0000   -0.0000   -0.0000    0.0000   -0.0000   -0.0000    0.0000   -0.0000   -0.0000    0.0000   -0.0000

  Columns 155 through 165

   -0.0000    0.0000   -0.0000   -0.0000    0.0000   -0.0000   -0.0000    0.0000   -0.0000   -0.0000    0.0000

  Columns 166 through 176

   -0.0000   -0.0000    0.0000   -0.0000   -0.0000    0.0000   -0.0000   -0.0000    0.0000   -0.0000   -0.0000

  Columns 177 through 181

    0.0000   -0.0000   -0.0000    0.0000   -0.0000

Normalized correction:
   4.7037e-05

Normalized prior mean value:
    0.1257

Normalized true value:
    0.1258

Normalized prior difference:
   4.7504e-05

Normalized posterior difference:
   4.6668e-07