normalized interrogation differences:
    0.0005
    0.0012
    0.0003
   -0.0000
    0.0003
    0.0012
    0.0005
    0.0005
    0.0012
    0.0003
    0.0003
    0.0012
    0.0005
    0.0005
    0.0012
    0.0003
    0.0003
    0.0012
    0.0005
    0.0005
    0.0012
    0.0003
    0.0003
    0.0012
    0.0005
    0.0005
    0.0012
    0.0003
    0.0003
    0.0012
    0.0005
    0.0005
    0.0012
    0.0003
    0.0003
    0.0012
    0.0005
    0.0005
    0.0012
    0.0003
    0.0003
    0.0012
    0.0005
    0.0005
    0.0012
    0.0003
    0.0003
    0.0012
    0.0005
    0.0005
    0.0012
    0.0003
    0.0003
    0.0012
    0.0005
    0.0005
    0.0012
    0.0003
    0.0003
    0.0012
    0.0005
    0.0005
    0.0012
    0.0003
    0.0003
    0.0012
    0.0005
    0.0005
    0.0012
    0.0003
    0.0003
    0.0012
    0.0005
    0.0005
    0.0012
    0.0003
    0.0003
    0.0012
    0.0005
    0.0005
    0.0012
    0.0003
    0.0003
    0.0012
    0.0005
    0.0005
    0.0012
    0.0003
    0.0003
    0.0012
    0.0005
    0.0005
    0.0012
    0.0003
    0.0003
    0.0012
    0.0005
    0.0005
    0.0012
    0.0003
    0.0003
    0.0012
    0.0005
    0.0005
    0.0012
    0.0003
    0.0003
    0.0012
    0.0005
    0.0005
    0.0012
    0.0003
    0.0003
    0.0012
    0.0005
    0.0005
    0.0012
    0.0003
    0.0003
    0.0012
    0.0005
    0.0005
    0.0012
    0.0003
    0.0003
    0.0012
    0.0005
    0.0005
    0.0012
    0.0003
    0.0003
    0.0012
    0.0005
    0.0005
    0.0012
    0.0003
    0.0003
    0.0012
    0.0005
    0.0005
    0.0012
    0.0003
    0.0003
    0.0012
    0.0005
    0.0005
    0.0012
    0.0003
    0.0003
    0.0012
    0.0005
    0.0005
    0.0012
    0.0003
    0.0003
    0.0012
    0.0005
    0.0005
    0.0012
    0.0003
    0.0003
    0.0012
    0.0005
    0.0005
    0.0012
    0.0003
    0.0003
    0.0012
    0.0005
    0.0005
    0.0012
    0.0003
    0.0003
    0.0012
    0.0005
    0.0005
    0.0012
    0.0003
    0.0003
    0.0012
    0.0005

weights:
  Columns 1 through 12

    0.0374   -0.0361    0.0370   -0.2388    0.2176    0.2490   -0.1264   -0.1264    0.2490    0.2176    0.0370   -0.0361

  Columns 13 through 24

    0.0374   -0.0000    0.0000   -0.0000   -0.0000    0.0000   -0.0000   -0.0000    0.0000   -0.0000   -0.0000    0.0000

  Columns 25 through 36

   -0.0000   -0.0000    0.0000   -0.0000   -0.0000    0.0000   -0.0000   -0.0000    0.0000   -0.0000   -0.0000    0.0000

  Columns 37 through 48

   -0.0000   -0.0000    0.0000   -0.0000   -0.0000    0.0000   -0.0000   -0.0000    0.0000   -0.0000   -0.0000    0.0000

  Columns 49 through 60

   -0.0000   -0.0000    0.0000   -0.0000   -0.0000    0.0000   -0.0000   -0.0000    0.0000   -0.0000   -0.0000    0.0000

  Columns 61 through 72

   -0.0000   -0.0000    0.0000   -0.0000   -0.0000    0.0000   -0.0000   -0.0000    0.0000   -0.0000   -0.0000    0.0000

  Columns 73 through 84

   -0.0000   -0.0000    0.0000   -0.0000   -0.0000    0.0000   -0.0000   -0.0000    0.0000   -0.0000   -0.0000    0.0000

  Columns 85 through 96

   -0.0000   -0.0000    0.0000   -0.0000   -0.0000    0.0000   -0.0000   -0.0000    0.0000   -0.0000   -0.0000    0.0000

  Columns 97 through 108

   -0.0000   -0.0000    0.0000   -0.0000   -0.0000    0.0000   -0.0000   -0.0000    0.0000   -0.0000   -0.0000    0.0000

  Columns 109 through 120

   -0.0000   -0.0000    0.0000   -0.0000   -0.0000    0.0000   -0.0000   -0.0000    0.0000   -0.0000   -0.0000    0.0000

  Columns 121 through 132

   -0.0000   -0.0000    0.0000   -0.0000   -0.0000    0.0000   -0.0000   -0.0000    0.0000   -0.0000   -0.0000    0.0000

  Columns 133 through 144

   -0.0000   -0.0000    0.0000   -0.0000   -0.0000    0.0000   -0.0000   -0.0000    0.0000   -0.0000   -0.0000    0.0000

  Columns 145 through 156

   -0.0000   -0.0000    0.0000   -0.0000   -0.0000    0.0000   -0.0000   -0.0000    0.0000   -0.0000   -0.0000    0.0000

  Columns 157 through 168

   -0.0000   -0.0000    0.0000   -0.0000   -0.0000    0.0000   -0.0000   -0.0000    0.0000   -0.0000   -0.0000    0.0000

  Columns 169 through 180

   -0.0000   -0.0000    0.0000   -0.0000   -0.0000    0.0000   -0.0000   -0.0000    0.0000   -0.0000   -0.0000    0.0000

  Column 181

   -0.0000

Normalized correction:
   6.0657e-04

Normalized prior mean value:
    0.1257

Normalized true value:
    0.1263

Normalized prior difference:
   6.1392e-04

Normalized posterior difference:
   7.3516e-06