normalized interrogation differences:
    0.0005
    0.0012
    0.0003
         0
    0.0003
    0.0012
    0.0005
    0.0005
    0.0012
    0.0003
    0.0003
    0.0012
    0.0005
    0.0005
    0.0012
    0.0003
    0.0003
    0.0012
    0.0005
    0.0005
    0.0012
    0.0003
    0.0003
    0.0012
    0.0005
    0.0005
    0.0012
    0.0003
    0.0003
    0.0012
    0.0005
    0.0005
    0.0012
    0.0003
    0.0003
    0.0012
    0.0005
    0.0005
    0.0012
    0.0003
    0.0003
    0.0012
    0.0005
    0.0005
    0.0012
    0.0003
    0.0003
    0.0012
    0.0005
    0.0005
    0.0012
    0.0003
    0.0003
    0.0012
    0.0005
    0.0005
    0.0012
    0.0003
    0.0003
    0.0012
    0.0005
    0.0005
    0.0012
    0.0003
    0.0003
    0.0012
    0.0005
    0.0005
    0.0012
    0.0003
    0.0003
    0.0012
    0.0005
    0.0005
    0.0012
    0.0003
    0.0003
    0.0012
    0.0005
    0.0005
    0.0012
    0.0003
    0.0003
    0.0012
    0.0005
    0.0005
    0.0012
    0.0003
    0.0003
    0.0012
    0.0005
    0.0005
    0.0012
    0.0003
    0.0003
    0.0012
    0.0005
    0.0005
    0.0012
    0.0003
    0.0003
    0.0012
    0.0005
    0.0005
    0.0012
    0.0003
    0.0003
    0.0012
    0.0005
    0.0005
    0.0012
    0.0003
    0.0003
    0.0012
    0.0005
    0.0005
    0.0012
    0.0003
    0.0003
    0.0012
    0.0005
    0.0005
    0.0012
    0.0003
    0.0003
    0.0012
    0.0005
    0.0005
    0.0012
    0.0003
    0.0003
    0.0012
    0.0005
    0.0005
    0.0012
    0.0003
    0.0003
    0.0012
    0.0005
    0.0005
    0.0012
    0.0003
    0.0003
    0.0012
    0.0005
    0.0005
    0.0012
    0.0003
    0.0003
    0.0012
    0.0005
    0.0005
    0.0012
    0.0003
    0.0003
    0.0012
    0.0005
    0.0005
    0.0012
    0.0003
    0.0003
    0.0012
    0.0005
    0.0005
    0.0012
    0.0003
    0.0003
    0.0012
    0.0005
    0.0005
    0.0012
    0.0003
    0.0003
    0.0012
    0.0005
    0.0005
    0.0012
    0.0003
    0.0003
    0.0012
    0.0005

weights:
  Columns 1 through 14

    0.0374   -0.0361    0.0370   -0.2388    0.2176    0.2490   -0.1264   -0.1264    0.2490    0.2176    0.0370   -0.0361    0.0374   -0.0000

  Columns 15 through 28

    0.0000   -0.0000   -0.0000    0.0000   -0.0000   -0.0000    0.0000   -0.0000   -0.0000    0.0000   -0.0000   -0.0000    0.0000   -0.0000

  Columns 29 through 42

   -0.0000    0.0000   -0.0000   -0.0000    0.0000   -0.0000   -0.0000    0.0000   -0.0000   -0.0000    0.0000   -0.0000   -0.0000    0.0000

  Columns 43 through 56

   -0.0000   -0.0000    0.0000   -0.0000   -0.0000    0.0000   -0.0000   -0.0000    0.0000   -0.0000   -0.0000    0.0000   -0.0000   -0.0000

  Columns 57 through 70

    0.0000   -0.0000   -0.0000    0.0000   -0.0000   -0.0000    0.0000   -0.0000   -0.0000    0.0000   -0.0000   -0.0000    0.0000   -0.0000

  Columns 71 through 84

   -0.0000    0.0000   -0.0000   -0.0000    0.0000   -0.0000   -0.0000    0.0000   -0.0000   -0.0000    0.0000   -0.0000   -0.0000    0.0000

  Columns 85 through 98

   -0.0000   -0.0000    0.0000   -0.0000   -0.0000    0.0000   -0.0000   -0.0000    0.0000   -0.0000   -0.0000    0.0000   -0.0000   -0.0000

  Columns 99 through 112

    0.0000   -0.0000   -0.0000    0.0000   -0.0000   -0.0000    0.0000   -0.0000   -0.0000    0.0000   -0.0000   -0.0000    0.0000   -0.0000

  Columns 113 through 126

   -0.0000    0.0000   -0.0000   -0.0000    0.0000   -0.0000   -0.0000    0.0000   -0.0000   -0.0000    0.0000   -0.0000   -0.0000    0.0000

  Columns 127 through 140

   -0.0000   -0.0000    0.0000   -0.0000   -0.0000    0.0000   -0.0000   -0.0000    0.0000   -0.0000   -0.0000    0.0000   -0.0000   -0.0000

  Columns 141 through 154

    0.0000   -0.0000   -0.0000    0.0000   -0.0000   -0.0000    0.0000   -0.0000   -0.0000    0.0000   -0.0000   -0.0000    0.0000   -0.0000

  Columns 155 through 168

   -0.0000    0.0000   -0.0000   -0.0000    0.0000   -0.0000   -0.0000    0.0000   -0.0000   -0.0000    0.0000   -0.0000   -0.0000    0.0000

  Columns 169 through 181

   -0.0000   -0.0000    0.0000   -0.0000   -0.0000    0.0000   -0.0000   -0.0000    0.0000   -0.0000   -0.0000    0.0000   -0.0000

Normalized correction:
   6.0657e-04

Normalized prior mean value:
    0.1257

Normalized true value:
    0.1270

Normalized prior difference:
    0.0012

Normalized posterior difference:
   6.2041e-04